131791
77386
81077
135673
62428
79354
91177
95925
68812
110656
130463
77988
86411
95997
99996
135050
119836
56538
118699
50356
97522
135955
107310
70373
116279
134420
67066
96870
134634
56338
51478
134389
92539
80599
95426
67257
59053
98694
91701
131255
132536
136431
136431
135760
98289
61826
81164
84219
135002
135971
131293
135565
135514
96661
120131
106344
136529
136529
134636
133192
133854
136824
136824
68332
135382
132480
130593
77539
135817
135406
134914
135436
103136
82276
134450
136152
109491
134686
130667
75142
135335
135556
99582
113765
134769
114807
101022
63775
125191
121527
78013
135906
135906
58506
135741
135861
135861
136027
136078
101801
135494
129186
86914
135857
135857
135978
112633
132496
134356
136115
101484
135004
69213
52420
136542
136542
121110
115292
136626
136626
115533
46986
109145
83552
83552
134842
120755
133604
116701
136311
136311
133902
126589
125727
130125
99252
134943
134943
116289
116289
136058
136058
114467
104790
100284
122845
114365
100127
60341
103212
92999
73184
113365
136643
136643
133750
133353
136402
136402
133024
130780
87832
136247
136247
133665
131945
124666
125663
103793
107637
107637
105365
117356
53044
109503
105964
124828
122438
136436
136436
134305
136463
136463
126251
123369
112250
136733
136733
136584
136584
124064
127361
135769
136532
136763
136763
124045
122076
99819
113436
123515
120658
136833
136833
103724
126674
125628
136737
136737
78560
121536
76229
65415
125726
112802
117154
127036
112508
84872
59222
128513
103671
122741
118806
132205
118887
121313
110594
120560
119716
113205
92627
107027
71762
118285
136798
136798
125380
101378
128384
98853
136813
136813
123003
97176
97176
118856
86928
125646
101894
114915
129568
128817
136791
136791
119320
119320
113124
132872
111038
112418
126055
92211
71233
96636
111737
120990
97081
64099
129630
116134
114451
106738
103538
111156
100588
68451
51141
117841
66751
123526
123526
81985
123244
115291
102484
129744
122006
88364
124564
96526
92537
130587
126223
129640
106488
101194
133382
100942
136835
136835
125592
104631
98831
129623
128286
103246
79868
77282
102936
124411
124553
121199
117270
37045
112023
127027
106568
132388
98925
81295
133838
124067
60689
42637
128679
101829
134540
135791
134742
122916
127968
129313
127227
119885
119885
88184
130560
115779
115779
127198
120754
117365
123901
121698
86508
131529
129056
129056
127898
125747
101713
127892
125886
100991
100991
125884
75141
130118
128377
108074
129457
106186
131154
127362
124647
98678
98678
136089
126430
122790
118087
86350
125392
132328
119544
125200
111458
97456
127455
112930
73778
39734
134997
134160
93130
134545
130119
127123
127123
124292
97660
130897
120162
136519
124713
120570
95205
41633
135359
132437
131360
126704
83785
112442
112442
99951
86595
130059
127354
117284
116310
116310
121681
105134
93506
126195
121067
121067
133045
128992
136175
136175
133771
126703
26619
26619
114852
128637
126397
116148
116148
18703
18703
131697
127754
122152
119336
116262
108601
132299
127592
125042
105429
129591
126722
124910
133883
103785
133912
132643
129965
113260
127098
126741
125696
119428
102119
131153
129388
126792
126792
126134
126038
126038
122268
116646
116646
107165
132698
129696
129141
129141
126219
113849
104357
132051
128953
100018
100018
40550
135369
133220
129353
126705
123163
123163
121035
116285
128169
43802
40245
108003
43836
43836
126260
132345
131308
129041
129041
128235
115753
112630
134408
134215
132994
132992
132471
128776
128618
128398
107000
104349
103038
135775
133532
130884
130709
128966
127122
117414
113463
107319
107319
134763
132990
131895
130922
130252
130138
127072
114497
113163
111323
133317
132777
132305
130346
127606
122536
122536
121886
131012
130700
130700
121073
13292
13292
134559
133601
132226
130799
130185
129717
128559
127665
126225
126225
126077
136601
136601
135662
134522
134361
134094
127347
127199
126229
125414
120118
101480
44062
130706
130215
129778
129320
126794
122327
120063
118737
132851
109186
107147
136290
134251
128409
128209
127843
127504
124161
124161
133394
128577
128529
128086
127366
123530
121349
121349
121193
130341
129317
128606
123228
136170
135164
128378
128098
127951
127951
126896
126896
126519
121913
117289
135193
134875
133537
133537
133530
133086
129395
126009
125561
121888
121095
121095
120721
134614
134614
133629
131550
129967
129451
123891
123891
135626
135303
134957
134957
134012
129063
127452
104910
104910
135738
135738
135199
135199
134310
133439
130760
127254
126968
121428
121428
132320
132320
124490
124490
123171
135141
135141
133892
132756
132756
131395
131395
130146
128221
128221
127785
127699
114544
31455
31455
132390
132390
128989
128510
128510
127888
127888
127293
109187
136693
136693
133920
133920
130483
134355
130697
130697
128154
127906
127906
127184
122857
136802
136802
136339
136339
135815
135785
135204
135204
131331
127257
127257
127091
127091
135851
133104
131320
131320
130919
130043
130043
136560
136560
131474
131474
129155
128004
136224
135267
134102
134102
128153
135913
135913
134075
128473
128473
136645
136645
